Question 1:
3,9
10,8
40,7
39,6
12,5
-17,4
84,3
23,2
-50,1
45,0

Question 2:
-12

Question 3:
7,Ryan
11,Arif
16,Anna
19,Lisa
21,Eric

Question 4:
6,Arif

Question 5:
12,Deepa

Question 6:
Amazon
Zoom

Question 7:
Apple
IBM
Microsoft
Netflix

Question 8:
23,Chris
9,Aya
8,Jean
6,Arif
21,Eric
2,Deepa


Question 9:
30,12
2,14
8,17
28,30
11,27
12,16
7,16
20,10
10,27
12,4
25,10
4,3
18,22
16,3
16,13
15,25
5,28
30,10
6,18
27,15
1,10
26,22
12,13
24,23
29,13
4,8
4,19
16,24
6,26
12,5
3,22
3,2
20,13
28,14
29,22
5,22
15,7
14,24
21,29
1,9
16,20
9,26
17,20
1,5
12,11
25,24
18,25
24,5
26,3
1,7
18,24
11,14
17,7
23,22
14,5
30,3
15,28
4,9
30,15
24,11
13,30
10,6
12,2
24,19
19,11
13,18
17,23
20,22
11,12
30,17
4,28
22,21
1,26
10,5
15,13
1,20
13,15
28,10
18,11
14,28
19,27
4,10
27,23
15,8
27,3
3,4
3,10
13,14
26,12
11,19
7,9
24,18
4,12
12,3
29,15
29,20
12,23
24,29
19,4
27,22

